INDIVIDUOS
18.6512 0.908752 0.00402922 0.00832248 6.95286e-310
19.429 1.15607 0.00412005 0.00852657 6.95286e-310
18.9973 0.947773 0.00405591 0.00876337 6.95286e-310
17.8777 0.571644 0.00360889 0.00799293 6.95286e-310
18.6027 0.909441 0.00372192 0.00866626 6.95286e-310
19.435 1.38594 0.00410855 0.00893122 6.95286e-310
18.314 0.912752 0.00378695 0.00847757 6.95286e-310
19.1032 1.02381 0.00390402 0.00852369 6.95286e-310
18.1595 0.675627 0.00379984 0.00815779 6.95286e-310
18.3482 0.561877 0.00329297 0.00826498 6.95286e-310
19.3403 1.06406 0.00383862 0.00851639 6.95286e-310
SOBREVIVENTES
18.79 0.91 0.004 0.0085 0.399193
20.3913 1.47112 0.00436258 0.00904268 6.95286e-310
19.2897 1.02544 0.00411747 0.0086189 6.95286e-310
18.2783 0.766992 0.00349608 0.00822732 6.95286e-310
18.8954 0.954085 0.00382081 0.00837919 6.95286e-310
20.2602 1.41484 0.00438596 0.00915494 6.95286e-310
18.671 0.823565 0.00375505 0.00843157 6.95286e-310
17.5354 0.674512 0.00373009 0.00823773 6.95286e-310
18.3105 0.610936 0.00351105 0.00856872 6.95286e-310
18.2867 0.85826 0.00367587 0.00817026 6.95286e-310
18.367 0.847561 0.0037648 0.00860122 6.95286e-310
19.6215 1.54042 0.0045948 0.0091963 6.95286e-310
INDIVIDUOS GERADOS
18.79 0.91 0.004 0.0085
20.4171 1.59456 0.00427629 0.00921634
19.3873 1.12272 0.00424374 0.00899945
18.9952 1.0485 0.00422304 0.00877366
19.4107 1.34304 0.00422541 0.0085296
19.2511 0.782419 0.00409298 0.00877747
19.566 0.918783 0.00397752 0.00892579
17.1942 0.756256 0.00375005 0.00805887
19.5213 0.903468 0.00420052 0.00896936
19.5069 1.32263 0.00398794 0.00853013
19.3615 0.941281 0.0041774 0.00881061
20.1082 1.52971 0.0044524 0.00931815
20.5225 1.60128 0.00442502 0.00892579
19.1175 0.976718 0.00424177 0.00891811
18.9854 1.11404 0.00370845 0.00845826
18.7983 0.922962 0.00399839 0.00855707
19.7506 1.2537 0.0043255 0.00893326
17.6752 0.644538 0.00342257 0.00806965
16.9335 0.353224 0.00337557 0.00799822
17.9726 0.667598 0.00321846 0.00819949
18.7789 0.880911 0.00418533 0.00864074
18.0432 0.764989 0.0040898 0.00883876
20.6149 1.60777 0.00468869 0.00947949
MELHOR FITNESS
0.399193
FITNESS MEDIO
0
