14.8501 2.40609 0.0054832 0.00354102
14.8358 2.41518 0.00547324 0.0035332
14.8803 2.38295 0.00546953 0.00349355
14.8617 2.40752 0.00548301 0.00353477
14.9101 2.39721 0.00545977 0.00348828
14.8657 2.39996 0.00546758 0.00351621
14.8607 2.4141 0.00546914 0.00353047
14.8723 2.41553 0.00546895 0.00352422
14.9035 2.38164 0.0054584 0.00348027
14.8781 2.4327 0.00544336 0.00350625
14.9021 2.43346 0.00547188 0.00354687
14.9255 2.4798 0.00545078 0.00356367
14.866 2.39203 0.00545957 0.00348574
14.8919 2.38438 0.00546934 0.0034873
14.9217 2.39863 0.00545957 0.00348203
14.9258 2.39107 0.00544414 0.00346348
14.8764 2.40797 0.00545352 0.00350566
14.8829 2.42354 0.00545488 0.00351367
14.9258 2.39107 0.00544414 0.00346348
14.9316 2.40824 0.00541855 0.00344551
14.9302 2.46006 0.00543203 0.00351211
14.9776 2.50717 0.00543945 0.00356953
14.9113 2.48889 0.00544082 0.00355586
0.293886
0.202369
