14.68 2.12 0.0059 0.00325
13.75 3.20875 0.005775 0.0047
15.0163 2.255 0.00565 0.0034875
14.4125 1.91875 0.0056625 0.0032375
14.55 2.07 0.00565 0.00335
14.735 2.615 0.00635 0.004075
14.8725 2.76625 0.0063375 0.0041875
15.47 2.4175 0.0051 0.0032375
14.7425 2.71625 0.0060875 0.0042875
14.2488 2.7025 0.00605 0.0041
14.235 2.88625 0.0052625 0.0028875
14.2975 3.4825 0.00545 0.003925
14.0863 3.34375 0.005525 0.0049375
14.7488 2.05375 0.0054125 0.003475
14.2825 1.86875 0.0054125 0.0033375
14.605 2.565 0.0061 0.004175
14.9275 3.26125 0.0067875 0.0050125
15.6625 3.06375 0.0055375 0.004175
15.5325 3.01375 0.0052875 0.004275
14.3113 3.29875 0.0062375 0.0051375
13.8038 3.46875 0.0054125 0.0037375
13.8525 4.24875 0.0048125 0.0035625
13.3675 4.57125 0.005325 0.005375
0.251585
0.142369
