15.2431 2.33625 0.005375 0.0033625
15.0513 2.44813 0.005475 0.00351563
15.0106 2.60844 0.00534375 0.003725
14.8709 2.35719 0.00555313 0.003575
14.7581 2.71437 0.0055625 0.0036875
14.8266 2.59906 0.00545313 0.0034875
14.8288 2.68312 0.00559063 0.0039875
15.1266 2.29 0.005375 0.00332812
15.1728 2.42625 0.00555 0.00350937
14.9522 2.83469 0.00516563 0.00338125
14.94 2.63969 0.00531563 0.003425
14.9463 2.19906 0.00545313 0.0033875
14.8188 2.72031 0.00544375 0.00387813
14.6384 2.62937 0.00552188 0.0039375
14.3859 2.73531 0.00574063 0.0039
14.3416 2.97719 0.00564062 0.0038125
14.4122 2.94594 0.00566875 0.0041125
14.7122 2.63687 0.00559063 0.00395313
15.0563 2.38 0.00555 0.003475
14.8819 2.92469 0.00534062 0.00352813
14.6491 3.13813 0.00510625 0.00344375
14.6431 2.5025 0.00539375 0.00345
14.7544 2.31094 0.00555313 0.00354062
0.279434
0.154904
