14.47 2.11 0.0076 0.005
13.87 1.415 0.00545 0.003
14.325 2.88 0.0056 0.0062
15.19 4.605 0.00715 0.0072
14.99 2.31 0.0086 0.0046
14.42 2.02 0.0054 0.00345
16.285 2.76 0.0054 0.004
12.425 4.045 0.0043 0.00585
13.215 4.55 0.007 0.00645
15.07 1.6 0.00565 0.00385
12.04 5.595 0.0048 0.00315
10.585 1.335 0.00715 0.00305
13.725 2.185 0.00345 0.0042
15.045 5.375 0.00515 0.0084
15.71 4.805 0.00815 0.0068
14.94 2.22 0.0064 0.00305
16.235 2.67 0.0032 0.00245
14.24 4.695 0.0021 0.00485
11.17 6.485 0.0037 0.0073
13.815 4.04 0.00505 0.0053
12.64 5.085 0.00285 0.002
8.155 4.82 0.00435 0.0012
9.985 0.64 0.005 0.00105
0.349095
0.127342
