15.47 2.4175 0.0051 0.0032375
15.1025 2.51625 0.005725 0.00365625
14.6613 3.33312 0.00495625 0.0034
15.5662 2.74062 0.00531875 0.00370625
15.2431 2.33625 0.005375 0.0033625
14.6369 2.94313 0.00525625 0.0034875
14.8838 2.95 0.005275 0.00358125
14.8594 2.56 0.005575 0.00366875
15.1094 2.23562 0.00525625 0.00335625
15.01 2.24375 0.005375 0.00329375
14.7781 2.88062 0.0053125 0.0040875
15.1063 2.56688 0.00559375 0.0037625
14.2938 3.43187 0.00558125 0.00381875
14.7575 3.65625 0.005175 0.00386875
15.3394 2.65937 0.00559375 0.00383125
14.41 2.86187 0.00553125 0.0036125
14.0506 3.47562 0.00543125 0.00383125
14.2731 3.0925 0.00575 0.0040125
14.4988 2.37812 0.00573125 0.0037875
14.6494 2.06188 0.00553125 0.0034125
14.3181 2.70688 0.0055875 0.00414375
14.4144 3.03 0.00580625 0.0046125
14.7388 2.66563 0.00621875 0.00418125
0.278287
0.150486
