INDIVIDUOS
18.0507 0.846981 0.00375419 0.00833353 6.95286e-310
19.4028 1.26664 0.0043637 0.0087753 6.95286e-310
20.1288 1.14535 0.00423275 0.00893663 6.95286e-310
19.9601 1.17973 0.00427026 0.00922468 6.95286e-310
18.9177 0.684609 0.00386839 0.00857655 6.95286e-310
18.5109 1.05709 0.00398198 0.00867765 6.95286e-310
19.424 1.07278 0.00408621 0.0085882 6.95286e-310
19.0572 0.489032 0.00388246 0.0083732 6.95286e-310
20.0458 1.43524 0.00433151 0.00928952 6.95286e-310
18.6529 0.678085 0.00416801 0.00883631 6.95286e-310
19.6004 1.49558 0.00395237 0.00878791 6.95286e-310
SOBREVIVENTES
18.79 0.91 0.004 0.0085 0.399193
20.2576 1.41928 0.00420814 0.00901317 6.95286e-310
18.4357 0.757361 0.00378187 0.00827972 6.95286e-310
18.6151 0.683748 0.00402652 0.00839683 6.95286e-310
17.7023 0.461299 0.00355423 0.00794474 6.95286e-310
17.1258 0.57586 0.0033143 0.00796594 6.95286e-310
20.7807 1.39564 0.00449501 0.00954289 6.95286e-310
20.2347 1.61664 0.00428751 0.00913789 6.95286e-310
18.4265 0.900391 0.00362876 0.00841789 6.95286e-310
17.3502 0.366112 0.00326278 0.00816411 6.95286e-310
18.7154 0.980622 0.0040517 0.00853143 6.95286e-310
19.0919 1.12753 0.00409949 0.00874942 6.95286e-310
INDIVIDUOS GERADOS
18.79 0.91 0.004 0.0085
20.0168 1.56464 0.00420407 0.00911158
19.3578 1.21568 0.00416093 0.00876486
17.981 0.751374 0.00364326 0.00823841
18.8267 0.94615 0.00413711 0.00854737
18.3619 1.08893 0.00415215 0.00839797
20.4349 1.38182 0.00469251 0.00945645
20.0584 1.71032 0.00457876 0.00900395
17.7367 0.533696 0.00367438 0.00795895
18.9076 0.952056 0.00385139 0.00856206
18.0562 0.476811 0.00355585 0.00838571
18.026 0.667767 0.00398475 0.00840971
18.6471 0.787821 0.00382001 0.00844645
17.8669 0.562055 0.00378919 0.00794828
18.6222 0.795024 0.00389037 0.00860579
17.0926 0.44508 0.00312927 0.00767534
19.2793 1.30375 0.00433966 0.00888442
19.9577 1.49864 0.00394626 0.00884039
19.8501 1.39502 0.00408314 0.00904789
18.5084 0.997252 0.00363077 0.008346
18.5068 0.931867 0.00396724 0.00840277
19.7562 1.07958 0.0041456 0.00913542
19.1322 1.25991 0.00380382 0.0086413
MELHOR FITNESS
0.399193
FITNESS MEDIO
0
