INDIVIDUOS
19.4107 1.34304 0.00422541 0.0085296 6.95286e-310
19.2511 0.782419 0.00409298 0.00877747 6.95286e-310
17.1942 0.756256 0.00375005 0.00805887 6.95286e-310
19.5069 1.32263 0.00398794 0.00853013 6.95286e-310
20.1082 1.52971 0.0044524 0.00931815 6.95286e-310
19.1175 0.976718 0.00424177 0.00891811 6.95286e-310
18.9854 1.11404 0.00370845 0.00845826 6.95286e-310
17.6752 0.644538 0.00342257 0.00806965 6.95286e-310
18.7789 0.880911 0.00418533 0.00864074 6.95286e-310
18.0432 0.764989 0.0040898 0.00883876 6.95286e-310
20.6149 1.60777 0.00468869 0.00947949 6.95286e-310
SOBREVIVENTES
18.79 0.91 0.004 0.0085 0.399193
20.4171 1.59456 0.00427629 0.00921634 6.95286e-310
19.3873 1.12272 0.00424374 0.00899945 6.95286e-310
18.9952 1.0485 0.00422304 0.00877366 6.95286e-310
16.9335 0.353224 0.00337557 0.00799822 6.95286e-310
18.7983 0.922962 0.00399839 0.00855707 6.95286e-310
20.5225 1.60128 0.00442502 0.00892579 6.95286e-310
19.3615 0.941281 0.0041774 0.00881061 6.95286e-310
19.566 0.918783 0.00397752 0.00892579 6.95286e-310
19.7506 1.2537 0.0043255 0.00893326 6.95286e-310
19.5213 0.903468 0.00420052 0.00896936 6.95286e-310
17.9726 0.667598 0.00321846 0.00819949 6.95286e-310
INDIVIDUOS GERADOS
18.79 0.91 0.004 0.0085
20.2576 1.41928 0.00420814 0.00901317
18.4357 0.757361 0.00378187 0.00827972
18.6151 0.683748 0.00402652 0.00839683
17.3502 0.366112 0.00326278 0.00816411
18.0507 0.846981 0.00375419 0.00833353
20.2347 1.61664 0.00428751 0.00913789
19.4028 1.26664 0.0043637 0.0087753
18.4265 0.900391 0.00362876 0.00841789
20.1288 1.14535 0.00423275 0.00893663
19.9601 1.17973 0.00427026 0.00922468
17.7023 0.461299 0.00355423 0.00794474
20.7807 1.39564 0.00449501 0.00954289
18.9177 0.684609 0.00386839 0.00857655
17.1258 0.57586 0.0033143 0.00796594
18.5109 1.05709 0.00398198 0.00867765
18.7154 0.980622 0.0040517 0.00853143
19.424 1.07278 0.00408621 0.0085882
19.0572 0.489032 0.00388246 0.0083732
20.0458 1.43524 0.00433151 0.00928952
18.6529 0.678085 0.00416801 0.00883631
19.0919 1.12753 0.00409949 0.00874942
19.6004 1.49558 0.00395237 0.00878791
MELHOR FITNESS
0.399193
FITNESS MEDIO
0
