14.42 2.02 0.0054 0.00345
14.33 3.3575 0.00375 0.00415
15.3525 2.39 0.0054 0.003725
15.3275 2.345 0.0043 0.00295
14.445 2.065 0.0065 0.004225
14.145 1.7175 0.005425 0.003225
15.065 3.4125 0.006775 0.005125
13.8175 3.285 0.0062 0.00495
13.4225 3.0325 0.00485 0.00465
14.68 2.12 0.0059 0.00325
13.53 3.5525 0.004125 0.002725
14.805 3.3125 0.006275 0.005325
15.2625 3.7275 0.00375 0.004425
16.26 2.715 0.0043 0.003225
15.3525 2.39 0.0054 0.003725
14.17 1.7625 0.006525 0.004
14.79 3.11 0.0068 0.0049
14.4625 4.6775 0.007575 0.006625
12.82 4.2975 0.00565 0.00615
13.6825 3.1325 0.00535 0.00445
13.79 3.6525 0.004625 0.002525
13.915 4.845 0.005 0.0046
14.715 4.65 0.004625 0.006025
0.293149
0.158304
